$`6000.dos`
      chr min   max   mean     median peak  peak_pval    mean_pval    median_pval  support
QTL1  1   61.36 61.99 61.675   61.675 61.99 0.0001433557 0.0001654603 0.0001654603 2      
QTL2  1   76.23 76.23 76.23    76.23  76.23 0.0001883459 0.0001883459 0.0001883459 1      
QTL3  1   77.96 77.96 77.96    77.96  77.96 1.666939e-07 1.666939e-07 1.666939e-07 1      
QTL4  1   80.6  80.6  80.6     80.6   80.6  0.0001612314 0.0001612314 0.0001612314 1      
QTL5  1   84.68 84.68 84.68    84.68  84.68 4.806783e-06 4.806783e-06 4.806783e-06 1      
QTL6  1   88.04 91.81 89.08333 88.55  88.04 2.030915e-06 7.55679e-05  1.439352e-05 9      
QTL7  1   93.4  93.4  93.4     93.4   93.4  0.0001009193 0.0001009193 0.0001009193 1      
QTL8  2   41.43 42.75 41.76    41.43  41.43 3.804858e-05 0.0001420726 0.0001493356 4      
QTL9  2   57.94 57.94 57.94    57.94  57.94 0.0001570075 0.0001570075 0.0001570075 1      
QTL10 2   59.62 62.6  61.38615 61.2   61.2  4.377874e-12 4.883015e-05 3.460101e-05 13     
QTL11 2   67.35 67.35 67.35    67.35  67.35 0.0001290949 0.0001290949 0.0001290949 1      
QTL12 2   70.63 70.63 70.63    70.63  70.63 3.949387e-06 6.176565e-05 4.207993e-05 3      
QTL13 7   6.99  6.99  6.99     6.99   6.99  0.0001289168 0.0001289168 0.0001289168 1      
QTL14 7   8.59  8.59  8.59     8.59   8.59  8.980303e-05 8.980303e-05 8.980303e-05 1      

$`4000.dos`
      chr min   max   mean     median peak  peak_pval    mean_pval    median_pval  support
QTL1  1   61.36 61.99 61.675   61.675 61.99 0.0001433557 0.0001654603 0.0001654603 2      
QTL2  1   76.23 76.23 76.23    76.23  76.23 0.0001883459 0.0001883459 0.0001883459 1      
QTL3  1   77.96 77.96 77.96    77.96  77.96 1.666939e-07 1.666939e-07 1.666939e-07 1      
QTL4  1   80.6  80.6  80.6     80.6   80.6  0.0001612314 0.0001612314 0.0001612314 1      
QTL5  1   87.83 90.64 88.7275  88.435 88.98 2.932447e-07 9.11992e-05  4.868216e-05 8      
QTL6  2   41.43 41.43 41.43    41.43  41.43 6.808287e-05 0.0001493356 0.0001493356 2      
QTL7  2   59.62 62.6  61.53364 61.2   61.36 1.382779e-07 4.728449e-05 3.431861e-05 11     
QTL8  2   67.35 67.35 67.35    67.35  67.35 0.0001290949 0.0001290949 0.0001290949 1      
QTL9  2   70.63 70.63 70.63    70.63  70.63 4.207993e-05 9.067379e-05 9.067379e-05 2      
QTL10 6   76.33 76.33 76.33    76.33  76.33 2.449485e-05 2.449485e-05 2.449485e-05 1      
QTL11 7   6.99  6.99  6.99     6.99   6.99  0.0001289168 0.0001289168 0.0001289168 1      

$`2000.dos`
     chr min   max   mean   median peak  peak_pval    mean_pval    median_pval  support
QTL1 1   76.23 76.23 76.23  76.23  76.23 0.0001883459 0.0001883459 0.0001883459 1      
QTL2 1   80.6  80.6  80.6   80.6   80.6  0.0001612314 0.0001612314 0.0001612314 1      
QTL3 1   88.98 88.98 88.98  88.98  88.98 2.932447e-07 2.932447e-07 2.932447e-07 1      
QTL4 1   90.64 90.64 90.64  90.64  90.64 1.343484e-05 1.343484e-05 1.343484e-05 1      
QTL5 2   42.75 42.75 42.75  42.75  42.75 0.0002315708 0.0002315708 0.0002315708 1      
QTL6 2   61.2  62.6  61.885 61.87  61.2  4.377874e-12 1.611677e-05 1.103787e-05 4      
QTL7 6   76.33 76.33 76.33  76.33  76.33 2.449485e-05 2.449485e-05 2.449485e-05 1      
QTL8 7   8.59  8.59  8.59   8.59   8.59  8.980303e-05 8.980303e-05 8.980303e-05 1      

$`1000.dos`
     chr min   max   mean  median peak  peak_pval    mean_pval    median_pval  support
QTL1 1   80.6  80.6  80.6  80.6   80.6  0.0001612314 0.0001612314 0.0001612314 1      
QTL2 1   88.04 88.98 88.51 88.51  88.98 2.932447e-07 1.16208e-06  1.16208e-06  2      
QTL3 2   41.43 41.43 41.43 41.43  41.43 3.804858e-05 3.804858e-05 3.804858e-05 1      
QTL4 2   61.2  61.36 61.28 61.28  61.36 1.382779e-07 5.595557e-05 5.595557e-05 2      
QTL5 2   70.63 70.63 70.63 70.63  70.63 0.0001392676 0.0001392676 0.0001392676 1      
QTL6 7   6.99  6.99  6.99  6.99   6.99  0.0001289168 0.0001289168 0.0001289168 1      

$`6000.hap4`
     chr min    max     mean     median   peak    peak_pval    mean_pval    median_pval  support
QTL1 1   61.99  62.0075 61.99875 61.99875 62.0075 6.827334e-05 0.0001459494 0.0001459494 2      
QTL2 1   70.84  71.2425 71.04125 71.04125 70.84   2.153687e-06 2.440227e-05 2.440227e-05 2      
QTL3 1   73.475 73.63   73.5525  73.5525  73.475  4.177319e-06 9.906578e-05 9.906578e-05 2      
QTL4 1   76.905 86.03   80.59592 80.045   77.63   3.450362e-10 3.179017e-05 1.767537e-06 38     
QTL5 1   87.83  87.83   87.83    87.83    87.83   9.353156e-05 0.000140752  0.000113189  3      
QTL6 1   89.59  92.3825 91.50712 91.7625  89.59   1.888701e-05 0.0001342573 0.0001467625 13     
QTL7 2   54.11  55.805  54.72646 54.72    54.72   2.589744e-05 0.0001306994 0.0001265419 12     
QTL8 2   58.575 64.9425 61.82838 61.62875 60.96   1.123307e-06 6.834916e-05 2.164416e-05 34     
QTL9 7   4.4325 5.11    4.799167 4.855    5.11    2.274875e-05 0.000122407  0.0001181468 3      

$`6000.hap6`
     chr min      max      mean     median   peak     peak_pval    mean_pval    median_pval  support
QTL1 1   61.45167 62.00167 61.81444 61.99    61.45167 3.643208e-05 0.0001106304 0.0001289565 3      
QTL2 1   70.57667 82.37167 77.08671 77.71833 77.56    1.285764e-08 1.502557e-05 9.153821e-07 40     
QTL3 1   85.34    86.085   85.7125  85.7125  86.085   0.0001372892 0.0001880239 0.0001880239 2      
QTL4 1   90.84167 90.84167 90.84167 90.84167 90.84167 0.0002443879 0.0002443879 0.0002443879 1      
QTL5 2   54.5     55.87    54.87258 54.72    55.87    2.055273e-05 0.0001416073 0.0001312128 11     
QTL6 2   59.50667 64.13167 61.9721  62.42417 61.31833 3.945988e-07 7.564213e-05 6.036657e-05 46     
QTL7 2   66.14667 66.14667 66.14667 66.14667 66.14667 0.0001072998 0.0001072998 0.0001072998 1      

$`6000.hap8`
     chr min      max      mean     median   peak     peak_pval    mean_pval    median_pval  support
QTL1 1   70.95    80.08125 76.87372 77.67375 77.2225  7.396356e-08 1.477711e-05 3.41151e-06  36     
QTL2 1   81.82875 81.82875 81.82875 81.82875 81.82875 0.0001246816 0.0001246816 0.0001246816 1      
QTL3 2   54.51375 55.96125 55.07295 54.72    54.51375 9.62925e-05  0.0001818013 0.0001865192 11     
QTL4 2   59.535   63.24875 62.03559 62.51188 61.49625 2.005121e-06 6.584822e-05 3.594717e-05 40     

$`4000.hap4`
     chr min     max     mean     median   peak    peak_pval    mean_pval    median_pval  support
QTL1 1   61.59   62.0075 61.8625  61.99    62.0075 0.0001161415 0.0001523235 0.0001536844 3      
QTL2 1   71.265  71.265  71.265   71.265   71.265  0.0001353929 0.0001353929 0.0001353929 1      
QTL3 1   73.1625 73.63   73.39625 73.39625 73.63   9.268647e-06 0.000127531  0.000127531  2      
QTL4 1   76.2375 84.7725 80.2874  79.74125 77.3775 3.644423e-10 6.244886e-05 5.401581e-06 24     
QTL5 1   88.98   88.98   88.98    88.98    88.98   0.0001712491 0.0001712491 0.0001712491 1      
QTL6 1   91.9975 92.1125 92.0625  92.0775  92.1125 5.396088e-05 0.0001068796 0.0001070763 3      
QTL7 2   54.11   54.95   54.54    54.665   54.95   5.987794e-06 8.741905e-05 8.20933e-05  6      
QTL8 2   59.3575 63.13   61.7635  62.07    62.5175 1.198308e-06 6.599665e-05 2.837425e-05 25     

$`4000.hap6`
     chr min      max      mean     median   peak     peak_pval    mean_pval    median_pval  support
QTL1 1   61.72333 61.72333 61.72333 61.72333 61.72333 0.0001788549 0.0001788549 0.0001788549 1      
QTL2 1   70.26167 70.86    70.56083 70.56083 70.86    1.158113e-05 3.064563e-05 3.064563e-05 2      
QTL3 1   73.11    82.04833 78.21327 78.30167 77.27167 1.180208e-08 5.771679e-05 1.782277e-05 25     
QTL4 2   54.68    56.11333 54.96939 54.72667 54.72    6.870664e-05 0.0001476206 0.000162587  11     
QTL5 2   59.445   64.04833 62.14529 62.525   61.38167 3.654371e-07 7.179967e-05 6.645885e-05 35     
QTL6 2   68.785   69.52167 69.15333 69.15333 68.785   6.743484e-05 9.696619e-05 9.696619e-05 2      

$`4000.hap8`
     chr min      max      mean     median   peak     peak_pval    mean_pval    median_pval  support
QTL1 1   69.74125 72.0125  70.87275 70.87    71.475   3.051076e-06 9.472401e-05 6.662481e-05 5      
QTL2 1   74.7     81.725   78.49525 78.47313 77.40625 2.003226e-07 7.897153e-05 4.859301e-05 20     
QTL3 2   54.72    55.99125 54.82779 54.72    54.835   9.526523e-05 0.0001868478 0.0001998774 13     
QTL4 2   57.66625 58.01625 57.84125 57.84125 58.01625 0.0002022676 0.0002244315 0.0002244315 2      
QTL5 2   59.66875 63.1475  62.07232 62.35813 62.52875 6.485054e-06 6.689237e-05 5.474122e-05 28     
QTL6 2   69.1675  69.1675  69.1675  69.1675  69.1675  7.463413e-05 7.463413e-05 7.463413e-05 1      

$`2000.hap4`
     chr min     max     mean     median  peak    peak_pval    mean_pval    median_pval  support
QTL1 1   68.585  69.32   68.9525  68.9525 69.32   0.0001718293 0.0001770468 0.0001770468 2      
QTL2 1   72.875  72.875  72.875   72.875  72.875  8.357344e-06 8.357344e-06 8.357344e-06 1      
QTL3 1   74.4825 81.5625 78.50635 78.705  74.4825 4.251084e-09 1.280494e-05 8.94766e-06  13     
QTL4 1   89.3225 89.8675 89.595   89.595  89.8675 5.356505e-05 7.354352e-05 7.354352e-05 2      
QTL5 2   53.7125 54.94   54.42    54.6075 54.94   7.088607e-05 0.000150344  0.0001442449 5      
QTL6 2   60.55   64.0675 62.20795 62.5175 60.8225 4.323019e-07 9.138803e-05 9.309002e-05 11     

$`2000.hap6`
     chr min    max      mean     median   peak     peak_pval    mean_pval    median_pval  support
QTL1 1   70.445 80.23667 76.6181  77.60333 73.14167 1.843186e-07 1.651114e-05 7.038938e-06 14     
QTL2 2   54.645 54.86667 54.73567 54.72    54.86667 4.411708e-05 0.0001788655 0.0002320356 5      
QTL3 2   60.985 63.215   62.252   62.59167 62.64833 7.238136e-06 0.0001106511 9.803926e-05 10     

$`2000.hap8`
     chr min      max      mean     median   peak     peak_pval    mean_pval    median_pval  support
QTL1 1   70.73    79.84625 76.27885 77.03125 74.24125 9.229466e-06 7.756558e-05 3.120412e-05 13     
QTL2 2   54.45125 54.83    54.62833 54.60375 54.83    0.0001965626 0.0002263974 0.0002322333 3      
QTL3 2   62.50375 62.76875 62.65208 62.68375 62.50375 8.817062e-06 4.42518e-05  4.743743e-05 3      

$`1000.hap4`
     chr min     max     mean     median   peak    peak_pval    mean_pval    median_pval  support
QTL1 1   72.5    72.5    72.5     72.5     72.5    1.582614e-06 1.582614e-06 1.582614e-06 1      
QTL2 1   74.5525 74.5525 74.5525  74.5525  74.5525 7.490729e-05 7.490729e-05 7.490729e-05 1      
QTL3 1   76.5325 76.5325 76.5325  76.5325  76.5325 1.274786e-05 1.274786e-05 1.274786e-05 1      
QTL4 1   78.08   78.08   78.08    78.08    78.08   1.771204e-06 1.771204e-06 1.771204e-06 1      
QTL5 1   79.67   80.3625 80.01625 80.01625 80.3625 1.970775e-08 5.639397e-07 5.639397e-07 2      
QTL6 1   84.8325 85.905  85.36875 85.36875 85.905  0.0001353494 0.0001769288 0.0001769288 2      
QTL7 2   54.485  54.485  54.485   54.485   54.485  5.673178e-05 5.673178e-05 5.673178e-05 1      

$`1000.hap6`
     chr min      max      mean     median   peak     peak_pval    mean_pval    median_pval  support
QTL1 1   72.51    72.51    72.51    72.51    72.51    4.44633e-05  4.44633e-05  4.44633e-05  1      
QTL2 1   74.32    74.32    74.32    74.32    74.32    1.69655e-06  1.69655e-06  1.69655e-06  1      
QTL3 1   76.01667 76.01667 76.01667 76.01667 76.01667 1.028651e-07 1.028651e-07 1.028651e-07 1      
QTL4 1   77.63833 77.63833 77.63833 77.63833 77.63833 5.714155e-08 5.714155e-08 5.714155e-08 1      
QTL5 1   80.21833 80.865   80.54167 80.54167 80.21833 1.849277e-05 5.7488e-05   5.7488e-05   2      
QTL6 2   61.94    62.605   62.28222 62.30167 61.94    4.645845e-05 0.0001301598 0.0001428783 3      
QTL7 2   66.10833 66.10833 66.10833 66.10833 66.10833 0.0002405789 0.0002405789 0.0002405789 1      

$`1000.hap8`
     chr min      max      mean     median   peak     peak_pval    mean_pval    median_pval  support
QTL1 1   74.11875 74.11875 74.11875 74.11875 74.11875 0.0001070156 0.0001070156 0.0001070156 1      
QTL2 2   62.52625 62.52625 62.52625 62.52625 62.52625 0.0001789365 0.0001789365 0.0001789365 1      

